4
359
204
206
205
204
204
353
210
204
204
204
204
349
211
207
205
204
204
342
213
207
205
204
20404
204
359
204
206
205
204
204
353
210
204
204
204
204
349
211
207
205
204
204
342
213
207
205
204
204ÿ344
207
204
205
351
206
204
204
221
206
204
200
213
204
203
204
204
203
203
351
207
204
203
203
351
207
206
204
204
203
346
209
205
204
204
203
345
210
206
204
204
203
204
203
209
204
204
204
184
213
204
203
204
203
192
215
206
204
204
204
192
235
209
205
204
204
204
361
207
206
204
203
200
204
204
205
204
204
203
351
207
204
204
204
203
347
209
206
204
204
204
346
215
207
204
204
203
203
211
206
204
204
203
344
203
204
205
204
203
184
214
208
204
204
203
192
231
209
205
204
203
200
361
207
205
204
203
204
204
212
205
204
203
202
357
203
204
204
203
203
351
209
206
204
204
203
347
209
205
204
204
204
346
211
205
204
204
203
204
203
207
204
204
203
344
211
204
203
204
204
184
214
206
204
204
204
192
247
209
205
204
203
204
359
207
205
204
204
200
204
204
205
204
203
203
351
